Все подобранные варианты.

---------------------------------------------------------------------------------------------------------------------------------------------------------
| Номер | Код комплектующего | Код типа комплектующего |    Изготовитель    |       Модель       |      Параметры     |   Цена   |  Количество  | Сумма |
---------------------------------------------------------------------------------------------------------------------------------------------------------
|      1|                  1 |                       1 |                  1 |                  1 |                  1 |     1.00 |            1 |  3.00 |
|      1|                  2 |                       1 |                  2 |                  2 |                  2 |     2.00 |            2 |  3.00 |
---------------------------------------------------------------------------------------------------------------------------------------------------------
|      2|                  1 |                       1 |                  1 |                  1 |                  1 |     1.00 |            1 |  4.00 |
|      2|                  3 |                       1 |                  3 |                  3 |                  3 |     3.00 |            3 |  4.00 |
---------------------------------------------------------------------------------------------------------------------------------------------------------
|      3|                  1 |                       1 |                  1 |                  1 |                  1 |     1.00 |            1 |  5.00 |
|      3|                  4 |                       1 |                  4 |                  4 |                  4 |     4.00 |            4 |  5.00 |
---------------------------------------------------------------------------------------------------------------------------------------------------------
|      4|                  2 |                       1 |                  2 |                  2 |                  2 |     2.00 |            2 |  5.00 |
|      4|                  3 |                       1 |                  3 |                  3 |                  3 |     3.00 |            3 |  5.00 |
---------------------------------------------------------------------------------------------------------------------------------------------------------
|      5|                  1 |                       1 |                  1 |                  1 |                  1 |     1.00 |            1 |  6.00 |
|      5|                  5 |                       1 |                  5 |                  5 |                  5 |     5.00 |            5 |  6.00 |
---------------------------------------------------------------------------------------------------------------------------------------------------------
|      6|                  2 |                       1 |                  2 |                  2 |                  2 |     2.00 |            2 |  6.00 |
|      6|                  4 |                       1 |                  4 |                  4 |                  4 |     4.00 |            4 |  6.00 |
---------------------------------------------------------------------------------------------------------------------------------------------------------
|      7|                  1 |                       1 |                  1 |                  1 |                  1 |     1.00 |            1 |  6.00 |
|      7|                  2 |                       1 |                  2 |                  2 |                  2 |     2.00 |            2 |  6.00 |
|      7|                  3 |                       1 |                  3 |                  3 |                  3 |     3.00 |            3 |  6.00 |
---------------------------------------------------------------------------------------------------------------------------------------------------------
|      8|                  2 |                       1 |                  2 |                  2 |                  2 |     2.00 |            2 |  7.00 |
|      8|                  5 |                       1 |                  5 |                  5 |                  5 |     5.00 |            5 |  7.00 |
---------------------------------------------------------------------------------------------------------------------------------------------------------
|      9|                  3 |                       1 |                  3 |                  3 |                  3 |     3.00 |            3 |  7.00 |
|      9|                  4 |                       1 |                  4 |                  4 |                  4 |     4.00 |            4 |  7.00 |
---------------------------------------------------------------------------------------------------------------------------------------------------------
|     10|                  1 |                       1 |                  1 |                  1 |                  1 |     1.00 |            1 |  7.00 |
|     10|                  6 |                       1 |                  6 |                  6 |                  6 |     6.00 |            6 |  7.00 |
---------------------------------------------------------------------------------------------------------------------------------------------------------
|     11|                  1 |                       1 |                  1 |                  1 |                  1 |     1.00 |            1 |  7.00 |
|     11|                  2 |                       1 |                  2 |                  2 |                  2 |     2.00 |            2 |  7.00 |
|     11|                  4 |                       1 |                  4 |                  4 |                  4 |     4.00 |            4 |  7.00 |
---------------------------------------------------------------------------------------------------------------------------------------------------------
|     12|                  2 |                       1 |                  2 |                  2 |                  2 |     2.00 |            2 |  8.00 |
|     12|                  6 |                       1 |                  6 |                  6 |                  6 |     6.00 |            6 |  8.00 |
---------------------------------------------------------------------------------------------------------------------------------------------------------
|     13|                  3 |                       1 |                  3 |                  3 |                  3 |     3.00 |            3 |  8.00 |
|     13|                  5 |                       1 |                  5 |                  5 |                  5 |     5.00 |            5 |  8.00 |
---------------------------------------------------------------------------------------------------------------------------------------------------------
|     14|                  1 |                       1 |                  1 |                  1 |                  1 |     1.00 |            1 |  8.00 |
|     14|                  2 |                       1 |                  2 |                  2 |                  2 |     2.00 |            2 |  8.00 |
|     14|                  5 |                       1 |                  5 |                  5 |                  5 |     5.00 |            5 |  8.00 |
---------------------------------------------------------------------------------------------------------------------------------------------------------
|     15|                  1 |                       1 |                  1 |                  1 |                  1 |     1.00 |            1 |  8.00 |
|     15|                  3 |                       1 |                  3 |                  3 |                  3 |     3.00 |            3 |  8.00 |
|     15|                  4 |                       1 |                  4 |                  4 |                  4 |     4.00 |            4 |  8.00 |
---------------------------------------------------------------------------------------------------------------------------------------------------------
|     16|                  3 |                       1 |                  3 |                  3 |                  3 |     3.00 |            3 |  9.00 |
|     16|                  6 |                       1 |                  6 |                  6 |                  6 |     6.00 |            6 |  9.00 |
---------------------------------------------------------------------------------------------------------------------------------------------------------
|     17|                  1 |                       1 |                  1 |                  1 |                  1 |     1.00 |            1 |  9.00 |
|     17|                  2 |                       1 |                  2 |                  2 |                  2 |     2.00 |            2 |  9.00 |
|     17|                  6 |                       1 |                  6 |                  6 |                  6 |     6.00 |            6 |  9.00 |
---------------------------------------------------------------------------------------------------------------------------------------------------------
|     18|                  4 |                       1 |                  4 |                  4 |                  4 |     4.00 |            4 |  9.00 |
|     18|                  5 |                       1 |                  5 |                  5 |                  5 |     5.00 |            5 |  9.00 |
---------------------------------------------------------------------------------------------------------------------------------------------------------
|     19|                  1 |                       1 |                  1 |                  1 |                  1 |     1.00 |            1 |  9.00 |
|     19|                  3 |                       1 |                  3 |                  3 |                  3 |     3.00 |            3 |  9.00 |
|     19|                  5 |                       1 |                  5 |                  5 |                  5 |     5.00 |            5 |  9.00 |
---------------------------------------------------------------------------------------------------------------------------------------------------------
|     20|                  2 |                       1 |                  2 |                  2 |                  2 |     2.00 |            2 |  9.00 |
|     20|                  3 |                       1 |                  3 |                  3 |                  3 |     3.00 |            3 |  9.00 |
|     20|                  4 |                       1 |                  4 |                  4 |                  4 |     4.00 |            4 |  9.00 |
---------------------------------------------------------------------------------------------------------------------------------------------------------
|     21|                  1 |                       1 |                  1 |                  1 |                  1 |     1.00 |            1 | 10.00 |
|     21|                  3 |                       1 |                  3 |                  3 |                  3 |     3.00 |            3 | 10.00 |
|     21|                  6 |                       1 |                  6 |                  6 |                  6 |     6.00 |            6 | 10.00 |
---------------------------------------------------------------------------------------------------------------------------------------------------------
|     22|                  1 |                       1 |                  1 |                  1 |                  1 |     1.00 |            1 | 10.00 |
|     22|                  4 |                       1 |                  4 |                  4 |                  4 |     4.00 |            4 | 10.00 |
|     22|                  5 |                       1 |                  5 |                  5 |                  5 |     5.00 |            5 | 10.00 |
---------------------------------------------------------------------------------------------------------------------------------------------------------
|     23|                  4 |                       1 |                  4 |                  4 |                  4 |     4.00 |            4 | 10.00 |
|     23|                  6 |                       1 |                  6 |                  6 |                  6 |     6.00 |            6 | 10.00 |
---------------------------------------------------------------------------------------------------------------------------------------------------------
|     24|                  2 |                       1 |                  2 |                  2 |                  2 |     2.00 |            2 | 10.00 |
|     24|                  3 |                       1 |                  3 |                  3 |                  3 |     3.00 |            3 | 10.00 |
|     24|                  5 |                       1 |                  5 |                  5 |                  5 |     5.00 |            5 | 10.00 |
---------------------------------------------------------------------------------------------------------------------------------------------------------
|     25|                  1 |                       1 |                  1 |                  1 |                  1 |     1.00 |            1 | 10.00 |
|     25|                  2 |                       1 |                  2 |                  2 |                  2 |     2.00 |            2 | 10.00 |
|     25|                  3 |                       1 |                  3 |                  3 |                  3 |     3.00 |            3 | 10.00 |
|     25|                  4 |                       1 |                  4 |                  4 |                  4 |     4.00 |            4 | 10.00 |
---------------------------------------------------------------------------------------------------------------------------------------------------------
|     26|                  1 |                       1 |                  1 |                  1 |                  1 |     1.00 |            1 | 11.00 |
|     26|                  4 |                       1 |                  4 |                  4 |                  4 |     4.00 |            4 | 11.00 |
|     26|                  6 |                       1 |                  6 |                  6 |                  6 |     6.00 |            6 | 11.00 |
---------------------------------------------------------------------------------------------------------------------------------------------------------
|     27|                  2 |                       1 |                  2 |                  2 |                  2 |     2.00 |            2 | 11.00 |
|     27|                  3 |                       1 |                  3 |                  3 |                  3 |     3.00 |            3 | 11.00 |
|     27|                  6 |                       1 |                  6 |                  6 |                  6 |     6.00 |            6 | 11.00 |
---------------------------------------------------------------------------------------------------------------------------------------------------------
|     28|                  2 |                       1 |                  2 |                  2 |                  2 |     2.00 |            2 | 11.00 |
|     28|                  4 |                       1 |                  4 |                  4 |                  4 |     4.00 |            4 | 11.00 |
|     28|                  5 |                       1 |                  5 |                  5 |                  5 |     5.00 |            5 | 11.00 |
---------------------------------------------------------------------------------------------------------------------------------------------------------
|     29|                  5 |                       1 |                  5 |                  5 |                  5 |     5.00 |            5 | 11.00 |
|     29|                  6 |                       1 |                  6 |                  6 |                  6 |     6.00 |            6 | 11.00 |
---------------------------------------------------------------------------------------------------------------------------------------------------------
|     30|                  1 |                       1 |                  1 |                  1 |                  1 |     1.00 |            1 | 11.00 |
|     30|                  2 |                       1 |                  2 |                  2 |                  2 |     2.00 |            2 | 11.00 |
|     30|                  3 |                       1 |                  3 |                  3 |                  3 |     3.00 |            3 | 11.00 |
|     30|                  5 |                       1 |                  5 |                  5 |                  5 |     5.00 |            5 | 11.00 |
---------------------------------------------------------------------------------------------------------------------------------------------------------
|     31|                  3 |                       1 |                  3 |                  3 |                  3 |     3.00 |            3 | 12.00 |
|     31|                  4 |                       1 |                  4 |                  4 |                  4 |     4.00 |            4 | 12.00 |
|     31|                  5 |                       1 |                  5 |                  5 |                  5 |     5.00 |            5 | 12.00 |
---------------------------------------------------------------------------------------------------------------------------------------------------------
|     32|                  1 |                       1 |                  1 |                  1 |                  1 |     1.00 |            1 | 12.00 |
|     32|                  5 |                       1 |                  5 |                  5 |                  5 |     5.00 |            5 | 12.00 |
|     32|                  6 |                       1 |                  6 |                  6 |                  6 |     6.00 |            6 | 12.00 |
---------------------------------------------------------------------------------------------------------------------------------------------------------
|     33|                  2 |                       1 |                  2 |                  2 |                  2 |     2.00 |            2 | 12.00 |
|     33|                  4 |                       1 |                  4 |                  4 |                  4 |     4.00 |            4 | 12.00 |
|     33|                  6 |                       1 |                  6 |                  6 |                  6 |     6.00 |            6 | 12.00 |
---------------------------------------------------------------------------------------------------------------------------------------------------------
|     34|                  1 |                       1 |                  1 |                  1 |                  1 |     1.00 |            1 | 12.00 |
|     34|                  2 |                       1 |                  2 |                  2 |                  2 |     2.00 |            2 | 12.00 |
|     34|                  3 |                       1 |                  3 |                  3 |                  3 |     3.00 |            3 | 12.00 |
|     34|                  6 |                       1 |                  6 |                  6 |                  6 |     6.00 |            6 | 12.00 |
---------------------------------------------------------------------------------------------------------------------------------------------------------
|     35|                  1 |                       1 |                  1 |                  1 |                  1 |     1.00 |            1 | 12.00 |
|     35|                  2 |                       1 |                  2 |                  2 |                  2 |     2.00 |            2 | 12.00 |
|     35|                  4 |                       1 |                  4 |                  4 |                  4 |     4.00 |            4 | 12.00 |
|     35|                  5 |                       1 |                  5 |                  5 |                  5 |     5.00 |            5 | 12.00 |
---------------------------------------------------------------------------------------------------------------------------------------------------------
|     36|                  2 |                       1 |                  2 |                  2 |                  2 |     2.00 |            2 | 13.00 |
|     36|                  5 |                       1 |                  5 |                  5 |                  5 |     5.00 |            5 | 13.00 |
|     36|                  6 |                       1 |                  6 |                  6 |                  6 |     6.00 |            6 | 13.00 |
---------------------------------------------------------------------------------------------------------------------------------------------------------
|     37|                  3 |                       1 |                  3 |                  3 |                  3 |     3.00 |            3 | 13.00 |
|     37|                  4 |                       1 |                  4 |                  4 |                  4 |     4.00 |            4 | 13.00 |
|     37|                  6 |                       1 |                  6 |                  6 |                  6 |     6.00 |            6 | 13.00 |
---------------------------------------------------------------------------------------------------------------------------------------------------------
|     38|                  1 |                       1 |                  1 |                  1 |                  1 |     1.00 |            1 | 13.00 |
|     38|                  2 |                       1 |                  2 |                  2 |                  2 |     2.00 |            2 | 13.00 |
|     38|                  4 |                       1 |                  4 |                  4 |                  4 |     4.00 |            4 | 13.00 |
|     38|                  6 |                       1 |                  6 |                  6 |                  6 |     6.00 |            6 | 13.00 |
---------------------------------------------------------------------------------------------------------------------------------------------------------
|     39|                  1 |                       1 |                  1 |                  1 |                  1 |     1.00 |            1 | 13.00 |
|     39|                  3 |                       1 |                  3 |                  3 |                  3 |     3.00 |            3 | 13.00 |
|     39|                  4 |                       1 |                  4 |                  4 |                  4 |     4.00 |            4 | 13.00 |
|     39|                  5 |                       1 |                  5 |                  5 |                  5 |     5.00 |            5 | 13.00 |
---------------------------------------------------------------------------------------------------------------------------------------------------------
|     40|                  1 |                       1 |                  1 |                  1 |                  1 |     1.00 |            1 | 14.00 |
|     40|                  2 |                       1 |                  2 |                  2 |                  2 |     2.00 |            2 | 14.00 |
|     40|                  5 |                       1 |                  5 |                  5 |                  5 |     5.00 |            5 | 14.00 |
|     40|                  6 |                       1 |                  6 |                  6 |                  6 |     6.00 |            6 | 14.00 |
---------------------------------------------------------------------------------------------------------------------------------------------------------
|     41|                  3 |                       1 |                  3 |                  3 |                  3 |     3.00 |            3 | 14.00 |
|     41|                  5 |                       1 |                  5 |                  5 |                  5 |     5.00 |            5 | 14.00 |
|     41|                  6 |                       1 |                  6 |                  6 |                  6 |     6.00 |            6 | 14.00 |
---------------------------------------------------------------------------------------------------------------------------------------------------------
|     42|                  1 |                       1 |                  1 |                  1 |                  1 |     1.00 |            1 | 14.00 |
|     42|                  3 |                       1 |                  3 |                  3 |                  3 |     3.00 |            3 | 14.00 |
|     42|                  4 |                       1 |                  4 |                  4 |                  4 |     4.00 |            4 | 14.00 |
|     42|                  6 |                       1 |                  6 |                  6 |                  6 |     6.00 |            6 | 14.00 |
---------------------------------------------------------------------------------------------------------------------------------------------------------
|     43|                  2 |                       1 |                  2 |                  2 |                  2 |     2.00 |            2 | 14.00 |
|     43|                  3 |                       1 |                  3 |                  3 |                  3 |     3.00 |            3 | 14.00 |
|     43|                  4 |                       1 |                  4 |                  4 |                  4 |     4.00 |            4 | 14.00 |
|     43|                  5 |                       1 |                  5 |                  5 |                  5 |     5.00 |            5 | 14.00 |
---------------------------------------------------------------------------------------------------------------------------------------------------------
|     44|                  1 |                       1 |                  1 |                  1 |                  1 |     1.00 |            1 | 15.00 |
|     44|                  3 |                       1 |                  3 |                  3 |                  3 |     3.00 |            3 | 15.00 |
|     44|                  5 |                       1 |                  5 |                  5 |                  5 |     5.00 |            5 | 15.00 |
|     44|                  6 |                       1 |                  6 |                  6 |                  6 |     6.00 |            6 | 15.00 |
---------------------------------------------------------------------------------------------------------------------------------------------------------
|     45|                  4 |                       1 |                  4 |                  4 |                  4 |     4.00 |            4 | 15.00 |
|     45|                  5 |                       1 |                  5 |                  5 |                  5 |     5.00 |            5 | 15.00 |
|     45|                  6 |                       1 |                  6 |                  6 |                  6 |     6.00 |            6 | 15.00 |
---------------------------------------------------------------------------------------------------------------------------------------------------------
|     46|                  2 |                       1 |                  2 |                  2 |                  2 |     2.00 |            2 | 15.00 |
|     46|                  3 |                       1 |                  3 |                  3 |                  3 |     3.00 |            3 | 15.00 |
|     46|                  4 |                       1 |                  4 |                  4 |                  4 |     4.00 |            4 | 15.00 |
|     46|                  6 |                       1 |                  6 |                  6 |                  6 |     6.00 |            6 | 15.00 |
---------------------------------------------------------------------------------------------------------------------------------------------------------
|     47|                  1 |                       1 |                  1 |                  1 |                  1 |     1.00 |            1 | 15.00 |
|     47|                  2 |                       1 |                  2 |                  2 |                  2 |     2.00 |            2 | 15.00 |
|     47|                  3 |                       1 |                  3 |                  3 |                  3 |     3.00 |            3 | 15.00 |
|     47|                  4 |                       1 |                  4 |                  4 |                  4 |     4.00 |            4 | 15.00 |
|     47|                  5 |                       1 |                  5 |                  5 |                  5 |     5.00 |            5 | 15.00 |
---------------------------------------------------------------------------------------------------------------------------------------------------------
|     48|                  2 |                       1 |                  2 |                  2 |                  2 |     2.00 |            2 | 16.00 |
|     48|                  3 |                       1 |                  3 |                  3 |                  3 |     3.00 |            3 | 16.00 |
|     48|                  5 |                       1 |                  5 |                  5 |                  5 |     5.00 |            5 | 16.00 |
|     48|                  6 |                       1 |                  6 |                  6 |                  6 |     6.00 |            6 | 16.00 |
---------------------------------------------------------------------------------------------------------------------------------------------------------
|     49|                  1 |                       1 |                  1 |                  1 |                  1 |     1.00 |            1 | 16.00 |
|     49|                  4 |                       1 |                  4 |                  4 |                  4 |     4.00 |            4 | 16.00 |
|     49|                  5 |                       1 |                  5 |                  5 |                  5 |     5.00 |            5 | 16.00 |
|     49|                  6 |                       1 |                  6 |                  6 |                  6 |     6.00 |            6 | 16.00 |
---------------------------------------------------------------------------------------------------------------------------------------------------------
|     50|                  1 |                       1 |                  1 |                  1 |                  1 |     1.00 |            1 | 16.00 |
|     50|                  2 |                       1 |                  2 |                  2 |                  2 |     2.00 |            2 | 16.00 |
|     50|                  3 |                       1 |                  3 |                  3 |                  3 |     3.00 |            3 | 16.00 |
|     50|                  4 |                       1 |                  4 |                  4 |                  4 |     4.00 |            4 | 16.00 |
|     50|                  6 |                       1 |                  6 |                  6 |                  6 |     6.00 |            6 | 16.00 |
---------------------------------------------------------------------------------------------------------------------------------------------------------
|     51|                  2 |                       1 |                  2 |                  2 |                  2 |     2.00 |            2 | 17.00 |
|     51|                  4 |                       1 |                  4 |                  4 |                  4 |     4.00 |            4 | 17.00 |
|     51|                  5 |                       1 |                  5 |                  5 |                  5 |     5.00 |            5 | 17.00 |
|     51|                  6 |                       1 |                  6 |                  6 |                  6 |     6.00 |            6 | 17.00 |
---------------------------------------------------------------------------------------------------------------------------------------------------------
|     52|                  1 |                       1 |                  1 |                  1 |                  1 |     1.00 |            1 | 17.00 |
|     52|                  2 |                       1 |                  2 |                  2 |                  2 |     2.00 |            2 | 17.00 |
|     52|                  3 |                       1 |                  3 |                  3 |                  3 |     3.00 |            3 | 17.00 |
|     52|                  5 |                       1 |                  5 |                  5 |                  5 |     5.00 |            5 | 17.00 |
|     52|                  6 |                       1 |                  6 |                  6 |                  6 |     6.00 |            6 | 17.00 |
---------------------------------------------------------------------------------------------------------------------------------------------------------
|     53|                  3 |                       1 |                  3 |                  3 |                  3 |     3.00 |            3 | 18.00 |
|     53|                  4 |                       1 |                  4 |                  4 |                  4 |     4.00 |            4 | 18.00 |
|     53|                  5 |                       1 |                  5 |                  5 |                  5 |     5.00 |            5 | 18.00 |
|     53|                  6 |                       1 |                  6 |                  6 |                  6 |     6.00 |            6 | 18.00 |
---------------------------------------------------------------------------------------------------------------------------------------------------------
|     54|                  1 |                       1 |                  1 |                  1 |                  1 |     1.00 |            1 | 18.00 |
|     54|                  2 |                       1 |                  2 |                  2 |                  2 |     2.00 |            2 | 18.00 |
|     54|                  4 |                       1 |                  4 |                  4 |                  4 |     4.00 |            4 | 18.00 |
|     54|                  5 |                       1 |                  5 |                  5 |                  5 |     5.00 |            5 | 18.00 |
|     54|                  6 |                       1 |                  6 |                  6 |                  6 |     6.00 |            6 | 18.00 |
---------------------------------------------------------------------------------------------------------------------------------------------------------
|     55|                  1 |                       1 |                  1 |                  1 |                  1 |     1.00 |            1 | 19.00 |
|     55|                  3 |                       1 |                  3 |                  3 |                  3 |     3.00 |            3 | 19.00 |
|     55|                  4 |                       1 |                  4 |                  4 |                  4 |     4.00 |            4 | 19.00 |
|     55|                  5 |                       1 |                  5 |                  5 |                  5 |     5.00 |            5 | 19.00 |
|     55|                  6 |                       1 |                  6 |                  6 |                  6 |     6.00 |            6 | 19.00 |
---------------------------------------------------------------------------------------------------------------------------------------------------------
|     56|                  2 |                       1 |                  2 |                  2 |                  2 |     2.00 |            2 | 20.00 |
|     56|                  3 |                       1 |                  3 |                  3 |                  3 |     3.00 |            3 | 20.00 |
|     56|                  4 |                       1 |                  4 |                  4 |                  4 |     4.00 |            4 | 20.00 |
|     56|                  5 |                       1 |                  5 |                  5 |                  5 |     5.00 |            5 | 20.00 |
|     56|                  6 |                       1 |                  6 |                  6 |                  6 |     6.00 |            6 | 20.00 |
---------------------------------------------------------------------------------------------------------------------------------------------------------
|     57|                  1 |                       1 |                  1 |                  1 |                  1 |     1.00 |            1 | 21.00 |
|     57|                  2 |                       1 |                  2 |                  2 |                  2 |     2.00 |            2 | 21.00 |
|     57|                  3 |                       1 |                  3 |                  3 |                  3 |     3.00 |            3 | 21.00 |
|     57|                  4 |                       1 |                  4 |                  4 |                  4 |     4.00 |            4 | 21.00 |
|     57|                  5 |                       1 |                  5 |                  5 |                  5 |     5.00 |            5 | 21.00 |
|     57|                  6 |                       1 |                  6 |                  6 |                  6 |     6.00 |            6 | 21.00 |
---------------------------------------------------------------------------------------------------------------------------------------------------------
