Ваш заказ.

-----------------------------------------------------------------------------------------------------------------------------------------
| Код комплектующего | Код типа комплектующего |    Изготовитель    |       Модель       |      Параметры     |   Цена   |  Количество  |
-----------------------------------------------------------------------------------------------------------------------------------------
|                  1 |                       1 |                  1 |                  1 |                  1 |     1.00 |            1 |
|                  2 |                       1 |                  2 |                  2 |                  2 |     2.00 |            2 |
|                  3 |                       1 |                  3 |                  3 |                  3 |     3.00 |            3 |
|                  4 |                       1 |                  4 |                  4 |                  4 |     4.00 |            4 |
|                  5 |                       1 |                  5 |                  5 |                  5 |     5.00 |            5 |
|                  6 |                       1 |                  6 |                  6 |                  6 |     6.00 |            6 |
-----------------------------------------------------------------------------------------------------------------------------------------

Сумма заказа: 21.00
